# Montpellier Game ground sidecar generated from DXF tile
# Format:
# grid minX minZ cellSize width depth fallbackY
# cell ix iz height sampleCount
# Source: C:\Users\micka\Desktop\d?veloppement\montpellier_game\VilleMTP_MTP_Modele3D\Centre_BATIMENTS_2016.dxf
# OBJ: assets\models\dxf_tile_centre_w250_d250_c6.obj
# Mode: base_vertices
grid -125 -125 6 42 42 0
cell 0 0 19.927 4
cell 0 1 18.757 2
cell 0 15 7.207 6
cell 0 18 5.767 4
cell 0 19 5.747 6
cell 0 2 18.757 4
cell 0 21 4.748 4
cell 0 27 3.017 2
cell 0 28 3.017 2
cell 0 3 16.727 6
cell 0 32 2.627 10
cell 0 35 2.767 4
cell 0 36 2.407 9
cell 0 39 1.947 6
cell 0 4 16.727 2
cell 0 40 1.947 9
cell 0 5 17.267 2
cell 0 6 14.564 8
cell 0 7 12.027 6
cell 0 8 12.027 2
cell 1 0 18.757 8
cell 1 17 5.747 2
cell 1 18 5.855 6
cell 1 2 18.009 6
cell 1 20 4.748 7
cell 1 21 4.748 4
cell 1 3 18.009 8
cell 1 36 2.407 6
cell 1 39 1.947 10
cell 1 40 1.947 17
cell 1 41 14.038 1
cell 1 7 11.637 10
cell 1 8 11.637 56
cell 10 1 16.145 4
cell 10 10 9.087 2
cell 10 14 7.487 4
cell 10 15 7.007 26
cell 10 16 6.107 8
cell 10 17 6.107 28
cell 10 18 5.803 22
cell 10 19 5.278 12
cell 10 20 4.566 7
cell 10 22 4.107 4
cell 10 23 17.788 1
cell 10 24 4.057 9
cell 10 26 3.175 9
cell 10 27 3.807 12
cell 10 28 3.807 6
cell 10 38 2.847 16
cell 10 39 3.177 10
cell 10 41 3.177 9
cell 11 0 16.957 2
cell 11 1 16.957 2
cell 11 10 9.087 2
cell 11 15 6.666 8
cell 11 16 6.107 23
cell 11 17 6.107 6
cell 11 19 4.677 20
cell 11 2 11.387 10
cell 11 20 4.677 9
cell 11 21 4.677 4
cell 11 22 4.107 9
cell 11 24 4.107 3
cell 11 25 4.057 7
cell 11 26 4.057 2
cell 11 3 11.387 8
cell 11 30 3.175 4
cell 11 31 3.157 7
cell 11 32 2.667 2
cell 11 33 2.667 2
cell 11 35 2.667 4
cell 11 38 3.177 3
cell 11 5 11.387 2
cell 11 8 9.087 2
cell 12 0 16.957 8
cell 12 1 16.303 10
cell 12 10 8.887 4
cell 12 11 8.417 4
cell 12 12 7.957 4
cell 12 13 7.567 16
cell 12 14 7.267 2
cell 12 15 6.666 9
cell 12 16 6.13 9
cell 12 17 6.107 15
cell 12 19 5.407 28
cell 12 2 11.387 12
cell 12 20 14.741 3
cell 12 21 4.677 4
cell 12 22 4.436 8
cell 12 23 4.436 3
cell 12 24 4.057 13
cell 12 25 3.865 16
cell 12 27 3.175 4
cell 12 28 3.175 9
cell 12 29 3.175 3
cell 12 3 16.103 2
cell 12 32 12.09 1
cell 12 33 3.157 3
cell 12 38 2.567 6
cell 12 41 3.177 4
cell 12 7 10.807 6
cell 12 8 10.523 12
cell 12 9 9.557 4
cell 13 0 16.957 12
cell 13 1 16.303 8
cell 13 10 8.887 4
cell 13 11 8.417 12
cell 13 12 7.647 20
cell 13 13 7.257 20
cell 13 14 6.867 16
cell 13 15 6.867 13
cell 13 16 18.923 2
cell 13 17 4.685 5
cell 13 18 17.917 6
cell 13 19 4.685 16
cell 13 2 16.103 12
cell 13 20 4.677 9
cell 13 21 4.436 6
cell 13 22 17.082 9
cell 13 23 4.051 8
cell 13 24 4.051 26
cell 13 25 3.175 5
cell 13 28 17.987 3
cell 13 29 3.175 10
cell 13 31 3.157 17
cell 13 32 3.157 9
cell 13 35 2.567 6
cell 13 36 2.567 4
cell 13 37 2.567 10
cell 13 41 2.567 5
cell 13 5 11.947 2
cell 13 6 11.947 2
cell 13 7 10.697 10
cell 13 8 10.097 20
cell 13 9 9.557 20
cell 14 0 16.303 12
cell 14 1 16.303 8
cell 14 10 8.887 10
cell 14 11 8.037 10
cell 14 12 7.717 14
cell 14 13 7.257 12
cell 14 14 6.867 12
cell 14 15 18.923 3
cell 14 16 18.923 2
cell 14 17 5.687 12
cell 14 18 18.097 6
cell 14 19 4.685 2
cell 14 2 16.103 16
cell 14 21 4.685 10
cell 14 22 4.377 6
cell 14 23 2.707 5
cell 14 24 3.865 5
cell 14 25 3.175 7
cell 14 30 3.061 2
cell 14 32 3.061 3
cell 14 39 2.567 14
cell 14 40 2.467 16
cell 14 41 2.34 3
cell 14 7 10.697 4
cell 14 8 10.097 12
cell 14 9 9.567 12
cell 15 0 16.303 8
cell 15 10 8.887 10
cell 15 11 8.547 25
cell 15 12 8.037 40
cell 15 13 7.257 9
cell 15 14 7.057 22
cell 15 15 6.409 14
cell 15 16 6.183 9
cell 15 17 5.864 16
cell 15 18 4.685 15
cell 15 19 5.06 25
cell 15 2 16.103 4
cell 15 20 4.685 9
cell 15 21 4.377 11
cell 15 30 3.061 7
cell 15 32 3.061 5
cell 15 35 2.557 8
cell 15 36 2.449 18
cell 15 38 2.449 12
cell 15 4 12.812 10
cell 15 5 11.947 4
cell 15 6 11.947 4
cell 15 7 10.697 4
cell 15 8 9.567 8
cell 15 9 9.567 8
cell 16 11 8.257 6
cell 16 12 7.717 6
cell 16 13 7.297 15
cell 16 14 7.057 8
cell 16 15 6.409 10
cell 16 16 6.287 4
cell 16 17 5.687 4
cell 16 18 5.687 13
cell 16 19 5.317 21
cell 16 20 5.06 9
cell 16 21 4.817 5
cell 16 22 4.817 15
cell 16 26 2.707 2
cell 16 34 2.557 5
cell 16 36 2.449 2
cell 16 39 2.449 2
cell 16 40 2.449 4
cell 16 8 10.337 2
cell 16 9 8.267 20
cell 17 11 8.257 4
cell 17 12 7.857 10
cell 17 13 7.857 2
cell 17 14 19.995 2
cell 17 15 7.007 11
cell 17 16 6.857 2
cell 17 17 6.165 6
cell 17 18 6.165 5
cell 17 19 5.337 2
cell 17 21 4.817 7
cell 17 22 4.817 3
cell 17 30 2.707 2
cell 17 34 2.529 7
cell 17 36 2.449 7
cell 17 39 2.34 7
cell 17 4 18.837 1
cell 17 7 10.877 4
cell 17 8 10.337 8
cell 17 9 9.607 11
cell 18 12 7.857 6
cell 18 13 7.267 8
cell 18 14 7.057 12
cell 18 15 6.857 8
cell 18 16 6.857 4
cell 18 2 19.103 6
cell 18 21 4.817 3
cell 18 22 4.817 5
cell 18 25 4.227 5
cell 18 3 19.103 4
cell 18 35 2.529 11
cell 18 36 13.413 1
cell 18 37 2.529 11
cell 18 38 2.179 10
cell 18 39 16.001 7
cell 18 40 2.34 3
cell 18 6 12.812 2
cell 18 7 12.757 12
cell 18 8 12.537 14
cell 18 9 8.257 10
cell 19 1 19.103 4
cell 19 12 8.127 16
cell 19 13 7.857 2
cell 19 14 7.071 2
cell 19 15 7.071 6
cell 19 23 2.707 2
cell 19 25 2.707 5
cell 19 29 4.227 5
cell 19 3 15.177 10
cell 19 35 2.529 7
cell 19 36 12.817 1
cell 19 37 2.529 6
cell 19 38 2.179 3
cell 19 39 16.443 5
cell 19 4 15.177 5
cell 19 40 16.274 2
cell 19 5 12.812 7
cell 19 7 12.907 16
cell 19 8 12.357 8
cell 19 9 8.257 6
cell 2 1 18.009 4
cell 2 15 6.127 4
cell 2 16 6.127 4
cell 2 17 5.947 5
cell 2 18 5.855 4
cell 2 19 5.947 5
cell 2 2 18.009 6
cell 2 20 4.748 6
cell 2 25 4.748 3
cell 2 29 3.017 2
cell 2 3 15.577 10
cell 2 32 3.017 2
cell 2 36 2.627 4
cell 2 37 2.407 6
cell 2 4 15.577 4
cell 2 40 1.947 4
cell 2 5 14.348 2
cell 2 6 14.564 2
cell 2 7 14.348 4
cell 2 8 9.609 4
cell 2 9 9.609 8
cell 20 1 19.103 4
cell 20 10 19.633 1
cell 20 11 18.939 10
cell 20 12 8.203 17
cell 20 15 7.267 2
cell 20 29 2.707 5
cell 20 3 15.177 10
cell 20 31 2.707 2
cell 20 33 2.529 4
cell 20 35 2.529 3
cell 20 36 2.529 3
cell 20 4 15.789 2
cell 20 41 2.247 5
cell 20 7 12.907 2
cell 20 8 12.627 8
cell 20 9 12.627 17
cell 21 10 9.019 5
cell 21 11 8.287 12
cell 21 12 7.267 5
cell 21 13 7.267 10
cell 21 15 7.267 2
cell 21 3 15.177 2
cell 21 34 3.026 3
cell 21 35 2.747 9
cell 21 36 2.504 9
cell 21 37 2.504 4
cell 21 41 2.247 4
cell 21 9 9.019 11
cell 22 0 19.103 8
cell 22 1 15.177 6
cell 22 11 8.287 4
cell 22 12 8.287 10
cell 22 13 7.62 8
cell 22 14 7.62 4
cell 22 15 7.027 3
cell 22 16 6.907 9
cell 22 17 6.655 4
cell 22 36 2.747 2
cell 22 37 2.667 6
cell 22 38 2.667 3
cell 22 40 2.247 5
cell 22 41 2.247 8
cell 22 9 10.287 6
cell 23 0 19.467 4
cell 23 1 15.177 4
cell 23 10 8.717 9
cell 23 11 8.717 8
cell 23 12 8.327 16
cell 23 13 7.915 18
cell 23 15 7.375 13
cell 23 16 6.907 12
cell 23 17 6.424 13
cell 23 18 6.107 5
cell 23 19 6.107 4
cell 23 2 15.177 2
cell 23 20 2.707 4
cell 23 22 5.057 2
cell 23 23 5.057 2
cell 24 0 18.987 16
cell 24 1 16.492 6
cell 24 10 8.717 9
cell 24 11 8.717 13
cell 24 12 8.02 11
cell 24 13 7.915 8
cell 24 14 7.62 16
cell 24 15 7.375 18
cell 24 16 6.907 14
cell 24 17 6.177 10
cell 24 18 6.107 12
cell 24 19 6.107 4
cell 24 2 15.177 6
cell 24 20 5.137 5
cell 24 21 2.707 8
cell 24 22 3.362 11
cell 24 3 14.707 4
cell 24 37 18.937 1
cell 24 9 10.305 4
cell 25 1 15.694 8
cell 25 11 8.02 6
cell 25 14 7.767 8
cell 25 15 7.75 8
cell 25 16 6.857 22
cell 25 17 6.687 14
cell 25 18 6.107 8
cell 25 2 14.537 8
cell 25 21 3.362 10
cell 25 22 3.362 4
cell 25 29 3.362 7
cell 25 3 15.694 2
cell 25 30 3.897 2
cell 25 4 13.457 6
cell 25 5 13.067 6
cell 25 9 11.537 14
cell 26 1 15.73 12
cell 26 10 9.847 8
cell 26 11 9.097 5
cell 26 12 8.402 5
cell 26 13 8.02 2
cell 26 14 7.787 2
cell 26 15 7.787 6
cell 26 16 6.857 4
cell 26 17 6.63 16
cell 26 18 6.307 15
cell 26 2 15.327 20
cell 26 21 3.362 4
cell 26 22 3.362 10
cell 26 29 3.857 4
cell 26 3 13.457 8
cell 26 30 2.707 10
cell 26 31 2.707 6
cell 26 33 18.937 1
cell 26 36 2.667 3
cell 26 37 2.667 3
cell 26 4 13.457 6
cell 26 5 13.457 2
cell 26 6 13.067 2
cell 26 8 11.577 9
cell 26 9 10.881 10
cell 27 0 15.117 6
cell 27 1 15.73 22
cell 27 10 10.178 10
cell 27 11 9.474 14
cell 27 13 8.402 3
cell 27 14 8.02 2
cell 27 15 7.75 12
cell 27 16 6.857 10
cell 27 17 6.63 8
cell 27 18 6.307 14
cell 27 2 15.327 12
cell 27 25 3.362 4
cell 27 26 3.362 2
cell 27 29 3.362 10
cell 27 3 14.087 8
cell 27 36 2.747 4
cell 27 37 2.747 7
cell 27 38 0.219 6
cell 27 4 12.781 8
cell 27 6 12.057 6
cell 27 8 10.881 17
cell 27 9 10.881 2
cell 28 0 15.117 2
cell 28 10 9.474 6
cell 28 11 9.177 6
cell 28 12 8.803 12
cell 28 13 8.007 9
cell 28 14 8.007 2
cell 28 15 7.627 12
cell 28 16 7.057 13
cell 28 17 6.937 24
cell 28 18 6.937 2
cell 28 2 14.524 8
cell 28 27 3.362 7
cell 28 29 3.362 4
cell 28 3 13.817 10
cell 28 37 15.442 1
cell 28 38 0.219 2
cell 28 4 12.781 6
cell 28 6 11.874 14
cell 28 7 11.874 14
cell 28 8 10.527 2
cell 28 9 9.547 10
cell 29 0 16.317 2
cell 29 10 9.177 6
cell 29 11 8.803 12
cell 29 12 8.803 4
cell 29 13 8.007 4
cell 29 14 7.627 16
cell 29 15 7.627 6
cell 29 16 7.627 9
cell 29 17 6.937 20
cell 29 2 13.817 4
cell 29 3 12.781 4
cell 29 36 3.687 19
cell 29 37 2.747 20
cell 29 4 13.817 4
cell 29 5 11.311 2
cell 29 7 10.527 14
cell 29 8 9.547 2
cell 29 9 9.547 8
cell 3 13 7.417 4
cell 3 14 6.61 4
cell 3 16 6.127 2
cell 3 18 5.947 12
cell 3 19 5.947 18
cell 3 2 15.577 10
cell 3 20 5.947 5
cell 3 21 3.682 8
cell 3 22 3.682 4
cell 3 25 4.748 2
cell 3 27 3.017 5
cell 3 28 3.717 2
cell 3 29 3.017 2
cell 3 3 15.577 6
cell 3 30 3.717 3
cell 3 31 2.627 2
cell 3 35 2.627 2
cell 3 39 2.307 9
cell 3 4 14.647 12
cell 3 5 13.807 16
cell 3 6 12.955 10
cell 3 7 12.955 4
cell 3 8 10.511 2
cell 3 9 10.511 2
cell 30 0 15.327 4
cell 30 10 9.177 10
cell 30 11 8.803 6
cell 30 13 8.367 4
cell 30 14 7.627 14
cell 30 15 7.627 21
cell 30 16 7.627 3
cell 30 18 5.137 8
cell 30 2 13.074 2
cell 30 20 4.657 6
cell 30 21 19.891 1
cell 30 3 13.074 4
cell 30 35 18.937 2
cell 30 4 12.781 2
cell 30 41 0.219 5
cell 30 5 11.311 2
cell 30 6 11.311 4
cell 30 7 10.527 4
cell 30 8 9.547 8
cell 30 9 9.547 8
cell 31 1 14.897 12
cell 31 10 9.547 4
cell 31 11 8.803 2
cell 31 13 8.447 8
cell 31 14 7.627 12
cell 31 15 7.737 22
cell 31 16 7.713 10
cell 31 21 4.093 7
cell 31 3 13.074 8
cell 31 31 3.026 7
cell 31 32 3.026 15
cell 31 35 3.687 8
cell 31 36 15.442 1
cell 31 37 15.442 1
cell 31 4 12.757 4
cell 31 6 11.397 4
cell 31 7 9.547 4
cell 31 8 9.547 2
cell 32 0 15.327 6
cell 32 1 14.837 8
cell 32 11 8.803 4
cell 32 12 8.507 4
cell 32 14 8.127 4
cell 32 15 7.096 8
cell 32 16 7.096 8
cell 32 18 5.627 7
cell 32 2 14.307 8
cell 32 21 4.093 4
cell 32 28 3.362 8
cell 32 3 14.367 8
cell 32 33 2.747 2
cell 32 34 3.677 14
cell 32 35 3.677 6
cell 32 4 12.757 6
cell 32 5 12.757 2
cell 32 7 10.947 4
cell 32 8 10.557 4
cell 32 9 9.547 8
cell 33 0 15.327 10
cell 33 1 14.837 6
cell 33 10 9.007 2
cell 33 11 9.007 4
cell 33 12 9.007 2
cell 33 14 7.897 2
cell 33 16 7.096 2
cell 33 18 5.627 8
cell 33 2 14.307 4
cell 33 28 3.362 8
cell 33 3 12.757 8
cell 33 35 3.677 2
cell 33 36 0.219 13
cell 33 4 12.757 6
cell 33 41 0.219 4
cell 33 5 11.397 2
cell 33 6 11.397 10
cell 33 7 10.947 14
cell 33 8 10.947 4
cell 33 9 9.887 8
cell 34 0 15.327 2
cell 34 1 15.327 2
cell 34 10 9.007 8
cell 34 13 8.229 2
cell 34 14 8.229 4
cell 34 15 6.987 4
cell 34 16 6.987 4
cell 34 17 6.654 5
cell 34 19 5.627 4
cell 34 2 14.307 4
cell 34 20 5.627 14
cell 34 22 4.093 4
cell 34 23 4.093 2
cell 34 28 3.362 4
cell 34 3 13.777 4
cell 34 31 3.087 6
cell 34 33 3.104 13
cell 34 34 3.947 8
cell 34 35 0.219 3
cell 34 36 1.041 5
cell 34 38 0.219 2
cell 34 4 11.397 15
cell 34 40 0.219 10
cell 34 5 11.397 6
cell 34 6 11.517 4
cell 34 7 10.557 6
cell 34 9 10.557 18
cell 35 0 15.327 2
cell 35 1 13.777 10
cell 35 10 9.007 8
cell 35 14 7.897 14
cell 35 15 6.987 4
cell 35 16 6.987 6
cell 35 17 6.654 8
cell 35 19 5.977 5
cell 35 21 5.3 4
cell 35 24 4.093 3
cell 35 27 3.362 10
cell 35 28 3.362 2
cell 35 3 13.777 4
cell 35 31 3.087 11
cell 35 33 2.579 4
cell 35 34 3.104 4
cell 35 35 1.041 5
cell 35 36 1.041 7
cell 35 38 0.219 5
cell 35 4 13.777 12
cell 35 40 0.219 12
cell 35 41 0 2
cell 35 5 12.267 11
cell 35 6 12.027 16
cell 35 7 12.547 10
cell 35 8 10.557 14
cell 35 9 11.007 4
cell 36 10 10.029 4
cell 36 11 9.007 4
cell 36 12 8.229 2
cell 36 13 8.229 8
cell 36 14 8.229 10
cell 36 15 8.527 15
cell 36 16 6.987 14
cell 36 17 6.654 18
cell 36 18 7.447 2
cell 36 19 5.977 4
cell 36 2 13.777 4
cell 36 23 4.527 5
cell 36 28 3.362 9
cell 36 30 3.301 12
cell 36 31 3.087 8
cell 36 33 3.087 2
cell 36 34 2.349 13
cell 36 35 1.041 12
cell 36 38 1.041 11
cell 36 39 0.817 3
cell 36 4 14.767 2
cell 36 40 0.219 5
cell 36 5 13.167 14
cell 36 6 13.167 2
cell 36 7 12.547 4
cell 36 8 11.777 10
cell 36 9 10.029 8
cell 37 0 15.327 8
cell 37 1 15.327 2
cell 37 10 10.233 10
cell 37 11 10.029 6
cell 37 12 10.233 6
cell 37 13 8.229 11
cell 37 14 10.597 2
cell 37 15 10.597 3
cell 37 16 7.447 8
cell 37 17 6.654 4
cell 37 2 16.347 8
cell 37 20 5.977 14
cell 37 21 6.387 12
cell 37 22 6.387 4
cell 37 23 4.527 11
cell 37 26 4.177 6
cell 37 27 3.732 6
cell 37 28 3.732 3
cell 37 29 2.634 4
cell 37 3 15.817 6
cell 37 32 2.579 6
cell 37 34 2.349 10
cell 37 35 2.349 11
cell 37 39 0.817 13
cell 37 5 14.767 4
cell 37 6 13.167 4
cell 37 7 11.777 8
cell 37 8 10.675 7
cell 37 9 10.233 6
cell 38 0 16.907 10
cell 38 1 16.347 2
cell 38 10 10.675 3
cell 38 11 10.417 6
cell 38 12 10.417 18
cell 38 13 10.537 18
cell 38 14 9.817 6
cell 38 15 9.406 17
cell 38 16 9.406 2
cell 38 17 6.654 9
cell 38 18 7.097 5
cell 38 19 7.097 4
cell 38 2 16.347 12
cell 38 20 7.367 12
cell 38 21 6.717 14
cell 38 22 6.717 8
cell 38 23 6.257 14
cell 38 24 6.257 30
cell 38 25 4.527 11
cell 38 26 3.732 6
cell 38 27 4.177 11
cell 38 28 2.634 10
cell 38 31 2.634 5
cell 38 32 2.302 6
cell 38 33 1.36 6
cell 38 34 0.653 7
cell 38 39 0 6
cell 38 4 14.907 24
cell 38 5 13.167 4
cell 39 0 17.657 6
cell 39 1 17.217 6
cell 39 11 10.587 8
cell 39 12 10.823 16
cell 39 13 11.127 12
cell 39 14 10.597 12
cell 39 15 11.027 4
cell 39 17 8.557 6
cell 39 18 9.777 2
cell 39 19 8.557 2
cell 39 2 15.287 12
cell 39 20 8.847 7
cell 39 21 8.847 5
cell 39 22 7.367 2
cell 39 24 6.127 22
cell 39 25 4.177 9
cell 39 26 4.177 3
cell 39 28 3.977 6
cell 39 29 3.397 8
cell 39 3 15.287 6
cell 39 30 2.634 11
cell 39 32 2.302 4
cell 39 33 1.36 2
cell 39 38 0.179 7
cell 39 4 14.907 6
cell 39 40 0 2
cell 39 41 0 3
cell 39 5 14.907 12
cell 4 11 7.927 4
cell 4 14 6.61 4
cell 4 15 6.547 4
cell 4 16 6.127 10
cell 4 17 5.947 4
cell 4 18 5.947 9
cell 4 19 4.748 16
cell 4 20 4.748 4
cell 4 21 4.748 4
cell 4 23 15.847 1
cell 4 25 3.682 9
cell 4 27 3.717 4
cell 4 3 13.957 4
cell 4 39 2.307 12
cell 4 4 13.761 4
cell 4 5 13.191 8
cell 4 6 12.819 18
cell 4 7 12.955 2
cell 40 0 17.657 2
cell 40 1 17.547 12
cell 40 11 10.567 4
cell 40 12 11.127 14
cell 40 13 11.257 8
cell 40 14 11.257 14
cell 40 15 11.547 20
cell 40 16 9.406 8
cell 40 17 11.041 8
cell 40 18 9.777 2
cell 40 19 8.557 11
cell 40 2 15.287 4
cell 40 21 8.847 6
cell 40 22 6.257 14
cell 40 26 4.247 6
cell 40 27 4.247 8
cell 40 28 5.744 3
cell 40 29 3.607 6
cell 40 30 3.397 4
cell 40 31 2.302 8
cell 40 32 1.36 7
cell 40 34 0.653 4
cell 40 36 0.653 4
cell 40 38 0.179 2
cell 40 4 14.467 4
cell 40 40 0.179 4
cell 40 5 14.467 2
cell 40 6 14.467 4
cell 41 1 17.737 10
cell 41 10 10.567 2
cell 41 11 10.567 2
cell 41 12 11.467 1
cell 41 13 11.257 8
cell 41 14 12.387 3
cell 41 15 11.887 6
cell 41 16 11.877 20
cell 41 17 12.112 13
cell 41 18 9.777 5
cell 41 19 9.777 2
cell 41 2 15.287 14
cell 41 20 16.368 1
cell 41 21 8.797 7
cell 41 22 8.797 4
cell 41 23 7.317 14
cell 41 25 6.252 12
cell 41 26 6.252 13
cell 41 27 5.744 6
cell 41 28 5.507 4
cell 41 29 2.821 6
cell 41 30 3.607 5
cell 41 31 2.821 5
cell 41 35 0.653 5
cell 41 36 0.653 5
cell 41 37 0.179 10
cell 41 38 0.179 9
cell 41 4 14.467 2
cell 41 5 14.467 6
cell 5 10 8.457 10
cell 5 12 7.927 22
cell 5 13 7.417 16
cell 5 14 6.957 10
cell 5 15 6.547 12
cell 5 16 6.547 4
cell 5 19 4.537 6
cell 5 21 15.847 1
cell 5 29 3.717 4
cell 5 38 2.307 10
cell 5 39 2.731 12
cell 5 4 13.761 12
cell 5 5 13.191 4
cell 5 6 12.819 6
cell 5 8 10.332 2
cell 5 9 9.827 6
cell 6 10 8.457 8
cell 6 11 8.457 4
cell 6 12 7.967 6
cell 6 13 7.417 18
cell 6 14 7.194 12
cell 6 15 6.587 12
cell 6 16 6.254 12
cell 6 17 6.127 4
cell 6 18 4.537 9
cell 6 19 4.537 4
cell 6 26 3.657 6
cell 6 27 3.657 4
cell 6 28 3.657 6
cell 6 40 3.237 4
cell 6 41 2.947 2
cell 6 5 13.761 2
cell 6 6 11.747 8
cell 6 7 11.747 2
cell 6 8 10.332 2
cell 6 9 9.827 6
cell 7 10 8.287 6
cell 7 11 8.457 8
cell 7 12 8.157 8
cell 7 13 7.194 8
cell 7 15 6.687 8
cell 7 16 6.254 6
cell 7 18 4.537 2
cell 7 20 3.682 6
cell 7 21 3.682 3
cell 7 22 4.537 4
cell 7 37 11.987 1
cell 7 4 12.987 4
cell 7 5 12.407 4
cell 7 6 12.407 18
cell 7 8 10.282 4
cell 7 9 8.991 6
cell 8 10 8.617 12
cell 8 11 8.457 4
cell 8 12 8.287 12
cell 8 13 7.487 4
cell 8 14 7.487 9
cell 8 15 6.217 6
cell 8 16 18.347 8
cell 8 17 6.217 10
cell 8 18 4.537 5
cell 8 22 4.537 4
cell 8 26 3.657 13
cell 8 28 3.657 3
cell 8 3 13.857 4
cell 8 33 2.667 4
cell 8 34 2.627 2
cell 8 4 13.857 4
cell 8 5 12.407 12
cell 8 6 11.747 16
cell 8 8 10.207 4
cell 8 9 8.991 6
cell 9 10 8.617 12
cell 9 12 7.487 10
cell 9 14 7.487 8
cell 9 15 6.16 10
cell 9 16 18.712 6
cell 9 17 6.16 9
cell 9 19 19.894 4
cell 9 2 16.145 2
cell 9 20 4.566 10
cell 9 22 4.107 10
cell 9 25 3.779 6
cell 9 26 11.439 1
cell 9 27 3.807 6
cell 9 28 3.807 4
cell 9 3 13.857 4
cell 9 35 2.627 4
cell 9 37 2.731 10
cell 9 38 3.177 3
cell 9 39 3.177 3
cell 9 5 13.857 2
cell 9 7 11.387 4
cell 9 8 9.087 4
cell 9 9 8.991 8
