# Montpellier Game collision sidecar generated from OBJ merged grid
# Format: box cx cy cz sx sy sz
# Source OBJ: assets\models\dxf_tile_centre_w250_d250_c6.obj
# CellSize: 6
# MinWallHeight: 1.8
# MinColumnHeight: 1.5
# ColumnPadding: 0.15
box -120 26.113 -99 12.15 33.007 90.15
box 60 21.315 -60 12.15 34.444 156.15
box 93 19.645 -24 18.15 37.208 228.15
box -132 30.687 -123 12.15 23.859 18.15
box -18 25.58 -120 84.15 28.386 24.15
box 42 24.424 -108 24.15 26.226 48.15
box 120 25.259 -111 24.15 24.183 42.15
box -108 24.897 -90 12.15 33.94 72.15
box -63 27.376 -114 6.15 22.461 24.15
box 27 24.614 -108 6.15 22.314 36.15
box 75 23.268 -84 18.15 30.077 84.15
box 105 18.381 3 6.15 36.762 258.15
box -69 17.628 -36 6.15 27.942 168.15
box -129 30.393 -108 6.15 23.271 12.15
box -99 23.516 -96 6.15 21.122 36.15
box -75 18.068 -48 6.15 27.062 132.15
box -93 17.969 -48 6.15 28.574 120.15
box -45 21.044 -84 30.15 24.314 48.15
box 3 25.257 -105 42.15 21.099 6.15
box -84 17.445 -45 12.15 27.526 114.15
box -12 25.347 -99 36.15 20.34 6.15
box 21 21.857 -99 6.15 14.3 6.15
box 135 34.164 -96 6.15 2.685 12.15
box -129 19.026 -75 6.15 18.833 42.15
box -63 17.387 -24 6.15 28.424 144.15
box -18 19.805 -60 24.15 26.792 72.15
box 117 23.409 -87 18.15 20.484 6.15
box -3 18.811 -54 6.15 23.088 60.15
box 45 16.035 -33 18.15 25.345 102.15
box 111 20.292 -81 6.15 14.249 6.15
box -138 18.772 -66 12.15 18.326 24.15
box 24 17.493 -42 24.15 24.711 72.15
box 6 16.49 -51 12.15 18.926 42.15
box 111 14.336 30 6.15 28.672 204.15
box -99 14.195 -18 6.15 21.026 96.15
box 126 14.904 30 12.15 29.45 192.15
box -42 14.577 9 24.15 23.82 138.15
box 117 14.904 33 6.15 29.45 186.15
box -105 14.046 -12 6.15 20.727 84.15
box 135 19.71 -33 6.15 15.666 30.15
box -57 13.389 0 6.15 20.427 84.15
box 69 14.794 33 6.15 24.093 150.15
box 81 12.879 45 6.15 25.319 174.15
box -126 23.522 -33 12.15 32.63 6.15
box 75 12.913 18 6.15 19.651 108.15
box -111 13.737 0 6.15 17.978 60.15
box 9 14.442 -24 6.15 15.07 12.15
box -123 32.346 -15 18.15 53.197 18.15
box -24 12.966 72 12.15 21.251 192.15
box -15 13.132 3 6.15 20.849 30.15
box -120 13.343 0 12.15 17.189 12.15
box 27 14.362 51 18.15 23.39 114.15
box 135 13.614 0 6.15 6.494 12.15
box 3 13.132 12 30.15 20.849 24.15
box -117 13.167 18 6.15 16.837 24.15
box -81 13.332 15 6.15 17.59 6.15
box 39 12.887 63 6.15 20.44 90.15
box 63 12.552 63 6.15 19.61 90.15
box -75 10.897 36 6.15 14.48 24.15
box -9 12.885 78 18.15 21.412 108.15
box -87 10.897 42 18.15 14.48 24.15
box 45 12.443 60 6.15 19.392 60.15
box 135 18.115 39 6.15 2.42 18.15
box -114 14.502 39 36.15 22.97 6.15
box -117 15.47 51 30.15 24.906 18.15
box 54 10.118 90 12.15 19.797 96.15
box -99 10.727 54 6.15 14.02 12.15
box 3 13.048 78 6.15 21.087 60.15
box -93 9.877 57 6.15 12.32 6.15
box -57 11.735 60 6.15 17.12 12.15
box 12 13.048 81 12.15 21.087 54.15
box -120 15.489 66 24.15 25.723 12.15
box -102 15.329 93 12.15 26.043 54.15
box -126 15.149 99 12.15 26.403 54.15
box -66 15.627 105 24.15 25.999 66.15
box -87 15.329 105 18.15 26.043 54.15
box -51 14.226 105 6.15 23.317 54.15
box -36 12.948 123 12.15 21.216 90.15
box 75 9.225 108 6.15 18.011 60.15
box -111 15.149 102 6.15 26.403 36.15
box -45 9.183 105 6.15 13.232 42.15
box -117 15.149 111 6.15 26.403 42.15
box 90 9.017 111 12.15 18.034 42.15
box -135 12.412 108 6.15 20.929 24.15
box 45 10.095 120 6.15 19.751 48.15
box 99 8.989 117 6.15 17.977 30.15
box 9 10.596 123 18.15 16.698 18.15
box 66 9.202 126 12.15 17.965 24.15
box -99 9.684 126 6.15 13.474 12.15
box -123 15.133 129 6.15 2.392 6.15
box -84 11.281 135 12.15 16.088 6.15
box -12 9.076 135 12.15 13.793 6.15
box 12 9.925 135 12.15 15.136 6.15
box 51 8.778 141 6.15 17.118 6.15
