# Montpellier Game collision sidecar generated from OBJ merged grid
# Format: box cx cy cz sx sy sz
# Source OBJ: assets\models\dxf_tile_centre.obj
# CellSize: 6
# MinWallHeight: 1.8
# MinColumnHeight: 1.5
# ColumnPadding: 0.1
box -120 26.113 -99 12.1 33.007 90.1
box 60 21.315 -60 12.1 34.444 156.1
box 93 19.645 -24 18.1 37.208 228.1
box -132 30.687 -123 12.1 23.859 18.1
box -18 25.58 -120 84.1 28.386 24.1
box 42 24.424 -108 24.1 26.226 48.1
box 120 25.259 -111 24.1 24.183 42.1
box -108 24.897 -90 12.1 33.94 72.1
box -63 27.376 -114 6.1 22.461 24.1
box 27 24.614 -108 6.1 22.314 36.1
box 75 23.268 -84 18.1 30.077 84.1
box 105 18.381 3 6.1 36.762 258.1
box -69 17.628 -36 6.1 27.942 168.1
box -129 30.393 -108 6.1 23.271 12.1
box -99 23.516 -96 6.1 21.122 36.1
box -75 18.068 -48 6.1 27.062 132.1
box -93 17.969 -48 6.1 28.574 120.1
box -45 21.044 -84 30.1 24.314 48.1
box 3 25.257 -105 42.1 21.099 6.1
box -84 17.445 -45 12.1 27.526 114.1
box -12 25.347 -99 36.1 20.34 6.1
box 21 21.857 -99 6.1 14.3 6.1
box 135 34.164 -96 6.1 2.685 12.1
box -129 19.026 -75 6.1 18.833 42.1
box -63 17.387 -24 6.1 28.424 144.1
box -18 19.805 -60 24.1 26.792 72.1
box 117 23.409 -87 18.1 20.484 6.1
box -3 18.811 -54 6.1 23.088 60.1
box 45 16.035 -33 18.1 25.345 102.1
box 111 20.292 -81 6.1 14.249 6.1
box -138 18.772 -66 12.1 18.326 24.1
box 24 17.493 -42 24.1 24.711 72.1
box 6 16.49 -51 12.1 18.926 42.1
box 111 14.336 30 6.1 28.672 204.1
box -99 14.195 -18 6.1 21.026 96.1
box 126 14.904 30 12.1 29.45 192.1
box -42 14.577 9 24.1 23.82 138.1
box 117 14.904 33 6.1 29.45 186.1
box -105 14.046 -12 6.1 20.727 84.1
box 135 19.71 -33 6.1 15.666 30.1
box -57 13.389 0 6.1 20.427 84.1
box 69 14.794 33 6.1 24.093 150.1
box 81 12.879 45 6.1 25.319 174.1
box -126 23.522 -33 12.1 32.63 6.1
box 75 12.913 18 6.1 19.651 108.1
box -111 13.737 0 6.1 17.978 60.1
box 9 14.442 -24 6.1 15.07 12.1
box -123 32.346 -15 18.1 53.197 18.1
box -24 12.966 72 12.1 21.251 192.1
box -15 13.132 3 6.1 20.849 30.1
box -120 13.343 0 12.1 17.189 12.1
box 27 14.362 51 18.1 23.39 114.1
box 135 13.614 0 6.1 6.494 12.1
box 3 13.132 12 30.1 20.849 24.1
box -117 13.167 18 6.1 16.837 24.1
box -81 13.332 15 6.1 17.59 6.1
box 39 12.887 63 6.1 20.44 90.1
box 63 12.552 63 6.1 19.61 90.1
box -75 10.897 36 6.1 14.48 24.1
box -9 12.885 78 18.1 21.412 108.1
box -87 10.897 42 18.1 14.48 24.1
box 45 12.443 60 6.1 19.392 60.1
box 135 18.115 39 6.1 2.42 18.1
box -114 14.502 39 36.1 22.97 6.1
box -117 15.47 51 30.1 24.906 18.1
box 54 10.118 90 12.1 19.797 96.1
box -99 10.727 54 6.1 14.02 12.1
box 3 13.048 78 6.1 21.087 60.1
box -93 9.877 57 6.1 12.32 6.1
box -57 11.735 60 6.1 17.12 12.1
box 12 13.048 81 12.1 21.087 54.1
box -120 15.489 66 24.1 25.723 12.1
box -102 15.329 93 12.1 26.043 54.1
box -126 15.149 99 12.1 26.403 54.1
box -66 15.627 105 24.1 25.999 66.1
box -87 15.329 105 18.1 26.043 54.1
box -51 14.226 105 6.1 23.317 54.1
box -36 12.948 123 12.1 21.216 90.1
box 75 9.225 108 6.1 18.011 60.1
box -111 15.149 102 6.1 26.403 36.1
box -45 9.183 105 6.1 13.232 42.1
box -117 15.149 111 6.1 26.403 42.1
box 90 9.017 111 12.1 18.034 42.1
box -135 12.412 108 6.1 20.929 24.1
box 45 10.095 120 6.1 19.751 48.1
box 99 8.989 117 6.1 17.977 30.1
box 9 10.596 123 18.1 16.698 18.1
box 66 9.202 126 12.1 17.965 24.1
box -99 9.684 126 6.1 13.474 12.1
box -123 15.133 129 6.1 2.392 6.1
box -84 11.281 135 12.1 16.088 6.1
box -12 9.076 135 12.1 13.793 6.1
box 12 9.925 135 12.1 15.136 6.1
box 51 8.778 141 6.1 17.118 6.1
